index_in_parent_file,date,epidemiological_week,last_available_confirmed,last_available_confirmed_per_100k_inhabitants,last_available_date,last_available_death_rate,last_available_deaths,state,new_confirmed,new_deaths
12,2020-03-06,10,1,0.00672,2020-03-06,0.0,0,BA,1,0
16,2020-03-07,10,2,0.01345,2020-03-07,0.0,0,BA,1,0
27,2020-03-09,11,2,0.01345,2020-03-09,0.0,0,BA,0,0
33,2020-03-10,11,2,0.01345,2020-03-10,0.0,0,BA,0,0
39,2020-03-11,11,3,0.02017,2020-03-11,0.0,0,BA,1,0
46,2020-03-12,11,3,0.02017,2020-03-12,0.0,0,BA,0,0
61,2020-03-13,11,7,0.047060000000000005,2020-03-13,0.0,0,BA,4,0
82,2020-03-15,12,9,0.06051,2020-03-15,0.0,0,BA,2,0
92,2020-03-16,12,10,0.06724,2020-03-16,0.0,0,BA,1,0
110,2020-03-17,12,14,0.09412999999999999,2020-03-17,0.0,0,BA,4,0
124,2020-03-18,12,27,0.18154,2020-03-18,0.0,0,BA,13,0
145,2020-03-19,12,31,0.20843000000000003,2020-03-19,0.0,0,BA,4,0
166,2020-03-20,12,34,0.2286,2020-03-20,0.0,0,BA,3,0
191,2020-03-21,12,41,0.27566999999999997,2020-03-21,0.0,0,BA,7,0
217,2020-03-22,13,55,0.3698,2020-03-22,0.0,0,BA,14,0
243,2020-03-23,13,63,0.42358,2020-03-23,0.0,0,BA,8,0
267,2020-03-24,13,79,0.5311600000000001,2020-03-24,0.0,0,BA,16,0
294,2020-03-25,13,91,0.6118399999999999,2020-03-25,0.0,0,BA,12,0
321,2020-03-26,13,108,0.72614,2020-03-26,0.0,0,BA,17,0
347,2020-03-27,13,123,0.8270000000000001,2020-03-27,0.0,0,BA,15,0
374,2020-03-28,13,127,0.8538899999999999,2020-03-28,0.0,0,BA,4,0
399,2020-03-29,14,156,1.04888,2020-03-29,0.0064,1,BA,29,1
422,2020-03-30,14,176,1.18335,2020-03-30,0.0114,2,BA,20,1
449,2020-03-31,14,217,1.4590100000000001,2020-03-31,0.0092,2,BA,41,0
476,2020-04-01,14,246,1.6540000000000001,2020-04-01,0.0081,2,BA,29,0
503,2020-04-02,14,267,1.79519,2020-04-02,0.0112,3,BA,21,1
530,2020-04-03,14,290,1.94983,2020-04-03,0.0207,6,BA,23,3
557,2020-04-04,14,336,2.2591200000000002,2020-04-04,0.0208,7,BA,46,1
584,2020-04-05,15,401,2.69615,2020-04-05,0.0224,9,BA,65,2
610,2020-04-06,15,437,2.9382,2020-04-06,0.0229,10,BA,36,1
636,2020-04-07,15,462,3.10629,2020-04-07,0.0303,14,BA,25,4
663,2020-04-08,15,515,3.46264,2020-04-08,0.035,18,BA,53,4
690,2020-04-09,15,568,3.8189800000000003,2020-04-09,0.0335,19,BA,53,1
716,2020-04-10,15,616,4.141719999999999,2020-04-10,0.0308,19,BA,48,0
743,2020-04-11,15,640,4.3030800000000005,2020-04-11,0.0328,21,BA,24,2
770,2020-04-12,16,674,4.531680000000001,2020-04-12,0.0312,21,BA,34,0
796,2020-04-13,16,723,4.86114,2020-04-13,0.0304,22,BA,49,1
822,2020-04-14,16,776,5.21749,2020-04-14,0.0335,26,BA,53,4
849,2020-04-15,16,884,5.943630000000001,2020-04-15,0.0317,28,BA,108,2
876,2020-04-16,16,967,6.50169,2020-04-16,0.0352,34,BA,83,6
903,2020-04-17,16,1064,7.1538699999999995,2020-04-17,0.0338,36,BA,97,2
930,2020-04-18,16,1200,8.06828,2020-04-18,0.0333,40,BA,136,4
957,2020-04-19,17,1249,8.397730000000001,2020-04-19,0.036000000000000004,45,BA,49,5
984,2020-04-20,17,1377,9.25835,2020-04-20,0.0341,47,BA,128,2
1011,2020-04-21,17,1504,10.11224,2020-04-21,0.0319,48,BA,127,1
1038,2020-04-22,17,1645,11.060260000000001,2020-04-22,0.0322,53,BA,141,5
1064,2020-04-23,17,1845,12.40498,2020-04-23,0.0336,62,BA,200,9
1091,2020-04-24,17,1979,13.305929999999998,2020-04-24,0.0339,67,BA,134,5
1118,2020-04-25,17,2116,14.22706,2020-04-25,0.034,72,BA,137,5
1145,2020-04-26,18,2248,15.11457,2020-04-26,0.0329,74,BA,132,2
1172,2020-04-27,18,2356,15.840720000000001,2020-04-27,0.0352,83,BA,108,9
1199,2020-04-28,18,2564,17.23922,2020-04-28,0.0363,93,BA,208,10
1225,2020-04-29,18,2676,17.99226,2020-04-29,0.0374,100,BA,112,7
1251,2020-04-30,18,2867,19.27646,2020-04-30,0.037000000000000005,106,BA,191,6
1278,2020-05-01,18,3140,21.11199,2020-05-01,0.0373,117,BA,273,11
1305,2020-05-02,18,3315,22.28862,2020-05-02,0.0371,123,BA,175,6
1331,2020-05-03,19,3566,23.976229999999997,2020-05-03,0.0359,128,BA,251,5
1358,2020-05-04,19,3734,25.10579,2020-05-04,0.0378,141,BA,168,13
1385,2020-05-05,19,4040,27.1632,2020-05-05,0.0361,146,BA,306,5
1412,2020-05-06,19,4301,28.91805,2020-05-06,0.0372,160,BA,261,14
1439,2020-05-07,19,4528,30.4443,2020-05-07,0.0364,165,BA,227,5
1466,2020-05-08,19,4818,32.39413,2020-05-08,0.038,183,BA,290,18
1493,2020-05-09,19,5174,34.78772,2020-05-09,0.0379,196,BA,356,13
1519,2020-05-10,20,5558,37.36957,2020-05-10,0.0363,202,BA,384,6
1546,2020-05-11,20,5808,39.05046,2020-05-11,0.0368,214,BA,250,12
1573,2020-05-12,20,6204,41.712990000000005,2020-05-12,0.0363,225,BA,396,11
1600,2020-05-13,20,6547,44.01917,2020-05-13,0.036000000000000004,236,BA,343,11
1627,2020-05-14,20,6955,46.76239,2020-05-14,0.0377,262,BA,408,26
1654,2020-05-15,20,8128,54.64913000000001,2020-05-15,0.0346,281,BA,1173,19
1680,2020-05-16,20,8314,55.89971,2020-05-16,0.0344,286,BA,186,5
1706,2020-05-17,21,8443,56.76705,2020-05-17,0.0349,295,BA,129,9
1733,2020-05-18,21,8881,59.711969999999994,2020-05-18,0.0351,312,BA,438,17
1760,2020-05-19,21,11013,74.04661,2020-05-19,0.0296,326,BA,2132,14
1787,2020-05-20,21,11197,75.28375,2020-05-20,0.0323,362,BA,184,36
1814,2020-05-21,21,11941,80.28608,2020-05-21,0.0315,376,BA,744,14
1840,2020-05-22,21,12557,84.4278,2020-05-22,0.0318,399,BA,616,23
1866,2020-05-23,21,13000,87.40633000000001,2020-05-23,0.0318,413,BA,443,14
1892,2020-05-24,22,13899,93.45082,2020-05-24,0.0331,460,BA,899,47
1918,2020-05-25,22,14204,95.50151,2020-05-25,0.0336,477,BA,305,17
1945,2020-05-26,22,14566,97.93544,2020-05-26,0.034,495,BA,362,18
1972,2020-05-27,22,15070,101.32411,2020-05-27,0.0352,531,BA,504,36
1997,2020-05-28,22,15963,107.32825,2020-05-28,0.0357,570,BA,893,39
2024,2020-05-29,22,16917,113.74253,2020-05-29,0.036000000000000004,609,BA,954,39
2051,2020-05-30,22,17626,118.50953999999999,2020-05-30,0.0362,638,BA,709,29
2077,2020-05-31,23,18392,123.65978999999999,2020-05-31,0.0363,667,BA,766,29
2104,2020-06-01,23,18898,127.06192,2020-06-01,0.0371,701,BA,506,34
2130,2020-06-02,23,21430,144.08598,2020-06-02,0.0343,736,BA,2532,35
2157,2020-06-03,23,22451,150.95074,2020-06-03,0.0339,762,BA,1021,26
2183,2020-06-04,23,23463,157.75499,2020-06-04,0.0337,790,BA,1012,28
2209,2020-06-05,23,26419,177.62984,2020-06-05,0.031,819,BA,2956,29
2236,2020-06-06,23,27396,184.19876000000002,2020-06-06,0.0309,846,BA,977,27
2262,2020-06-07,24,28250,189.94069,2020-06-07,0.0311,879,BA,854,33
2289,2020-06-08,24,28715,193.06714,2020-06-08,0.0317,910,BA,465,31
2316,2020-06-09,24,30481,204.94096000000002,2020-06-09,0.0307,937,BA,1766,27
2343,2020-06-10,24,32685,219.75968999999998,2020-06-10,0.0298,975,BA,2204,38
2370,2020-06-11,24,33891,227.86831,2020-06-11,0.0299,1013,BA,1206,38
2397,2020-06-12,24,34665,233.07235,2020-06-12,0.03,1039,BA,774,26
2424,2020-06-13,24,35788,240.62291000000002,2020-06-13,0.0299,1069,BA,1123,30
2451,2020-06-14,25,36401,244.74446,2020-06-14,0.0304,1105,BA,613,36
2478,2020-06-15,25,37620,252.94047999999998,2020-06-15,0.0304,1145,BA,1219,40
2505,2020-06-16,25,39206,263.60406,2020-06-16,0.0301,1181,BA,1586,36
2532,2020-06-17,25,40926,275.16859,2020-06-17,0.0299,1222,BA,1720,41
2559,2020-06-18,25,41577,279.54562999999996,2020-06-18,0.0304,1263,BA,651,41
2586,2020-06-19,25,43922,295.31237999999996,2020-06-19,0.0297,1305,BA,2345,42
2613,2020-06-20,25,45304,304.60435,2020-06-20,0.0298,1350,BA,1382,45
2640,2020-06-21,26,46279,311.15983,2020-06-21,0.0301,1391,BA,975,41
2667,2020-06-22,26,47086,316.58574,2020-06-22,0.0306,1441,BA,807,50
2694,2020-06-23,26,49084,330.01942,2020-06-23,0.0304,1491,BA,1998,50
2721,2020-06-24,26,51931,349.16141,2020-06-24,0.0297,1541,BA,2847,50
2748,2020-06-25,26,54291,365.02902,2020-06-25,0.0295,1601,BA,2360,60
2774,2020-06-26,26,56422,379.35694,2020-06-26,0.0291,1642,BA,2131,41
2801,2020-06-27,26,65244,438.67222000000004,2020-06-27,0.026000000000000002,1697,BA,8822,55
2827,2020-06-28,27,68495,460.53053,2020-06-28,0.0255,1748,BA,3251,51
2854,2020-06-29,27,69467,467.06583,2020-06-29,0.0259,1800,BA,972,52
2881,2020-06-30,27,73307,492.88432,2020-06-30,0.0253,1853,BA,3840,53
2908,2020-07-01,27,76485,514.2518,2020-07-01,0.0249,1902,BA,3178,49
2935,2020-07-02,27,79349,533.50809,2020-07-02,0.0245,1947,BA,2864,45
2962,2020-07-03,27,82314,553.44346,2020-07-03,0.0243,2001,BA,2965,54
2989,2020-07-04,27,85485,574.76388,2020-07-04,0.024,2050,BA,3171,49
3016,2020-07-05,28,87048,585.2728099999999,2020-07-05,0.0242,2107,BA,1563,57
3043,2020-07-06,28,88279,593.54952,2020-07-06,0.0246,2168,BA,1231,61
3070,2020-07-07,28,91954,618.2586200000001,2020-07-07,0.0241,2216,BA,3675,48
3097,2020-07-08,28,95536,642.34243,2020-07-08,0.0238,2277,BA,3582,61
3124,2020-07-09,28,98319,661.0541,2020-07-09,0.0237,2328,BA,2783,51
3151,2020-07-10,28,101186,680.33056,2020-07-10,0.0236,2383,BA,2867,55
3178,2020-07-11,28,104188,700.5147,2020-07-11,0.0234,2436,BA,3002,53
3205,2020-07-12,29,105763,711.10432,2020-07-12,0.0235,2483,BA,1575,47
3232,2020-07-13,29,106891,718.6885,2020-07-13,0.0237,2535,BA,1128,52
3259,2020-07-14,29,110029,739.78704,2020-07-14,0.0235,2584,BA,3138,49
3285,2020-07-15,29,112993,759.71568,2020-07-15,0.0233,2638,BA,2964,54
3312,2020-07-16,29,116373,782.44133,2020-07-16,0.0231,2693,BA,3380,55
3339,2020-07-17,29,118657,797.79795,2020-07-17,0.0231,2738,BA,2284,45
3366,2020-07-18,29,120238,808.42791,2020-07-18,0.0232,2793,BA,1581,55
3391,2020-07-19,30,122169,821.41111,2020-07-19,0.0232,2840,BA,1931,47
3417,2020-07-20,30,123292,828.96167,2020-07-20,0.0234,2891,BA,1123,51
3444,2020-07-21,30,126844,852.84377,2020-07-21,0.0231,2936,BA,3552,45
