index_in_parent_file,date,epidemiological_week,last_available_confirmed,last_available_confirmed_per_100k_inhabitants,last_available_date,last_available_death_rate,last_available_deaths,state,new_confirmed,new_deaths
49,2020-03-12,11,3,0.04275,2020-03-12,0.0,0,GO,3,0
64,2020-03-13,11,3,0.04275,2020-03-13,0.0,0,GO,0,0
74,2020-03-14,11,4,0.05699,2020-03-14,0.0,0,GO,1,0
85,2020-03-15,12,4,0.05699,2020-03-15,0.0,0,GO,0,0
96,2020-03-16,12,9,0.12824000000000002,2020-03-16,0.0,0,GO,5,0
113,2020-03-17,12,10,0.14248,2020-03-17,0.0,0,GO,1,0
128,2020-03-18,12,12,0.17098,2020-03-18,0.0,0,GO,2,0
149,2020-03-19,12,15,0.21373000000000003,2020-03-19,0.0,0,GO,3,0
170,2020-03-20,12,18,0.25647,2020-03-20,0.0,0,GO,3,0
195,2020-03-21,12,19,0.27071999999999996,2020-03-21,0.0,0,GO,1,0
221,2020-03-22,13,21,0.29922,2020-03-22,0.0,0,GO,2,0
247,2020-03-23,13,23,0.32771,2020-03-23,0.0,0,GO,2,0
271,2020-03-24,13,29,0.4132,2020-03-24,0.0,0,GO,6,0
298,2020-03-25,13,35,0.49868999999999997,2020-03-25,0.0,0,GO,6,0
325,2020-03-26,13,38,0.5414399999999999,2020-03-26,0.0263,1,GO,3,1
351,2020-03-27,13,49,0.69817,2020-03-27,0.0204,1,GO,11,0
378,2020-03-28,13,56,0.79791,2020-03-28,0.0179,1,GO,7,0
403,2020-03-29,14,56,0.79791,2020-03-29,0.0179,1,GO,0,0
426,2020-03-30,14,60,0.8549,2020-03-30,0.0167,1,GO,4,0
453,2020-03-31,14,65,0.92614,2020-03-31,0.0154,1,GO,5,0
480,2020-04-01,14,73,1.04013,2020-04-01,0.0137,1,GO,8,0
507,2020-04-02,14,73,1.04013,2020-04-02,0.0137,1,GO,0,0
534,2020-04-03,14,88,1.25386,2020-04-03,0.0227,2,GO,15,1
561,2020-04-04,14,103,1.4675799999999999,2020-04-04,0.0194,2,GO,15,0
588,2020-04-05,15,115,1.6385599999999998,2020-04-05,0.0261,3,GO,12,1
614,2020-04-06,15,119,1.69555,2020-04-06,0.042,5,GO,4,2
640,2020-04-07,15,133,1.89503,2020-04-07,0.0376,5,GO,14,0
667,2020-04-08,15,159,2.2654900000000002,2020-04-08,0.044000000000000004,7,GO,26,2
694,2020-04-09,15,179,2.5504599999999997,2020-04-09,0.0391,7,GO,20,0
720,2020-04-10,15,191,2.7214400000000003,2020-04-10,0.0419,8,GO,12,1
747,2020-04-11,15,209,2.97791,2020-04-11,0.0478,10,GO,18,2
774,2020-04-12,16,229,3.26287,2020-04-12,0.0611,14,GO,20,4
800,2020-04-13,16,233,3.31987,2020-04-13,0.0644,15,GO,4,1
826,2020-04-14,16,284,4.046530000000001,2020-04-14,0.0528,15,GO,51,0
853,2020-04-15,16,304,4.3315,2020-04-15,0.0493,15,GO,20,0
880,2020-04-16,16,318,4.5309800000000005,2020-04-16,0.0503,16,GO,14,1
907,2020-04-17,16,335,4.7732,2020-04-17,0.0478,16,GO,17,0
934,2020-04-18,16,378,5.38588,2020-04-18,0.0476,18,GO,43,2
961,2020-04-19,17,393,5.5996,2020-04-19,0.0458,18,GO,15,0
988,2020-04-20,17,403,5.74209,2020-04-20,0.0471,19,GO,10,1
1015,2020-04-21,17,421,5.9985599999999994,2020-04-21,0.0451,19,GO,18,0
1042,2020-04-22,17,438,6.24078,2020-04-22,0.0479,21,GO,17,2
1068,2020-04-23,17,453,6.4545,2020-04-23,0.0508,23,GO,15,2
1095,2020-04-24,17,486,6.9247,2020-04-24,0.0494,24,GO,33,1
1122,2020-04-25,17,506,7.20967,2020-04-25,0.0494,25,GO,20,1
1149,2020-04-26,18,573,8.16431,2020-04-26,0.0436,25,GO,67,0
1176,2020-04-27,18,616,8.77699,2020-04-27,0.0422,26,GO,43,1
1203,2020-04-28,18,661,9.41816,2020-04-28,0.0408,27,GO,45,1
1229,2020-04-29,18,705,10.04509,2020-04-29,0.0383,27,GO,44,0
1255,2020-04-30,18,781,11.12797,2020-04-30,0.0371,29,GO,76,2
1282,2020-05-01,18,808,11.51267,2020-05-01,0.0359,29,GO,27,0
1309,2020-05-02,18,825,11.75489,2020-05-02,0.0364,30,GO,17,1
1335,2020-05-03,19,850,12.1111,2020-05-03,0.0353,30,GO,25,0
1362,2020-05-04,19,861,12.26783,2020-05-04,0.0348,30,GO,11,0
1389,2020-05-05,19,922,13.13698,2020-05-05,0.0412,38,GO,61,8
1416,2020-05-06,19,1024,14.590320000000002,2020-05-06,0.0439,45,GO,102,7
1443,2020-05-07,19,1027,14.63306,2020-05-07,0.0428,44,GO,3,-1
1470,2020-05-08,19,1053,15.003520000000002,2020-05-08,0.0465,49,GO,26,5
1497,2020-05-09,19,1069,15.231489999999999,2020-05-09,0.044000000000000004,47,GO,16,-2
1523,2020-05-10,20,1093,15.57345,2020-05-10,0.043,47,GO,24,0
1550,2020-05-11,20,1100,15.67319,2020-05-11,0.0445,49,GO,7,2
1577,2020-05-12,20,1115,15.886920000000002,2020-05-12,0.0466,52,GO,15,3
1604,2020-05-13,20,1225,17.45423,2020-05-13,0.0498,61,GO,110,9
1631,2020-05-14,20,1460,20.8026,2020-05-14,0.0459,67,GO,235,6
1658,2020-05-15,20,1605,22.86861,2020-05-15,0.0417,67,GO,145,0
1684,2020-05-16,20,1652,23.53828,2020-05-16,0.0418,69,GO,47,2
1710,2020-05-17,21,1692,24.108220000000003,2020-05-17,0.0414,70,GO,40,1
1737,2020-05-18,21,1781,25.37632,2020-05-18,0.040999999999999995,73,GO,89,3
1764,2020-05-19,21,1880,26.78691,2020-05-19,0.0388,73,GO,99,0
1791,2020-05-20,21,2049,29.194879999999998,2020-05-20,0.0381,78,GO,169,5
1818,2020-05-21,21,2155,30.705209999999997,2020-05-21,0.0394,85,GO,106,7
1844,2020-05-22,21,2344,33.398140000000005,2020-05-22,0.0405,95,GO,189,10
1870,2020-05-23,21,2435,34.69474,2020-05-23,0.039,95,GO,91,0
1896,2020-05-24,22,2488,35.449909999999996,2020-05-24,0.0382,95,GO,53,0
1922,2020-05-25,22,2515,35.83461,2020-05-25,0.0382,96,GO,27,1
1949,2020-05-26,22,2706,38.55605,2020-05-26,0.0384,104,GO,191,8
1976,2020-05-27,22,2906,41.40572,2020-05-27,0.0372,108,GO,200,4
2001,2020-05-28,22,3101,44.18415,2020-05-28,0.0371,115,GO,195,7
2028,2020-05-29,22,3521,50.168459999999996,2020-05-29,0.0338,119,GO,420,4
2055,2020-05-30,22,3609,51.422309999999996,2020-05-30,0.0344,124,GO,88,5
2081,2020-05-31,23,3726,53.089369999999995,2020-05-31,0.0333,124,GO,117,0
2108,2020-06-01,23,4017,57.235640000000004,2020-06-01,0.0316,127,GO,291,3
2134,2020-06-02,23,4486,63.918119999999995,2020-06-02,0.0346,155,GO,469,28
2161,2020-06-03,23,4701,66.98151999999999,2020-06-03,0.0338,159,GO,215,4
2187,2020-06-04,23,5102,72.69511,2020-06-04,0.0321,164,GO,401,5
2213,2020-06-05,23,5605,79.86203,2020-06-05,0.0298,167,GO,503,3
2240,2020-06-06,23,5770,82.21301,2020-06-06,0.0298,172,GO,165,5
2266,2020-06-07,24,5857,83.45262,2020-06-07,0.0295,173,GO,87,1
2293,2020-06-08,24,6302,89.79313,2020-06-08,0.0275,173,GO,445,0
2320,2020-06-09,24,6936,98.82659,2020-06-09,0.0265,184,GO,634,11
2347,2020-06-10,24,7380,105.15286,2020-06-10,0.0256,189,GO,444,5
2374,2020-06-11,24,7774,110.76671,2020-06-11,0.025,194,GO,394,5
2401,2020-06-12,24,7926,112.93246,2020-06-12,0.026000000000000002,206,GO,152,12
2428,2020-06-13,24,7941,113.14618999999999,2020-06-13,0.0266,211,GO,15,5
2455,2020-06-14,25,7960,113.41691000000002,2020-06-14,0.0271,216,GO,19,5
2482,2020-06-15,25,10441,148.76708,2020-06-15,0.0228,238,GO,2481,22
2509,2020-06-16,25,11836,168.64353,2020-06-16,0.021,249,GO,1395,11
2536,2020-06-17,25,12776,182.03698,2020-06-17,0.02,255,GO,940,6
2563,2020-06-18,25,13665,194.70377,2020-06-18,0.0201,275,GO,889,20
2590,2020-06-19,25,14540,207.17108000000002,2020-06-19,0.0199,289,GO,875,14
2617,2020-06-20,25,15450,220.13709,2020-06-20,0.0191,295,GO,910,6
2644,2020-06-21,26,15904,226.60584,2020-06-21,0.0192,306,GO,454,11
2671,2020-06-22,26,17085,243.43315,2020-06-22,0.019,324,GO,1181,18
2698,2020-06-23,26,18014,256.66987,2020-06-23,0.0197,355,GO,929,31
2725,2020-06-24,26,19280,274.70829,2020-06-24,0.0195,375,GO,1266,20
2752,2020-06-25,26,20377,290.33873,2020-06-25,0.0188,384,GO,1097,9
2778,2020-06-26,26,21441,305.49897999999996,2020-06-26,0.0198,425,GO,1064,41
2804,2020-06-27,26,21865,311.54028,2020-06-27,0.0198,434,GO,424,9
2831,2020-06-28,27,22165,315.81479,2020-06-28,0.0197,436,GO,300,2
2858,2020-06-29,27,23379,333.11229,2020-06-29,0.02,467,GO,1214,31
2885,2020-06-30,27,24910,354.92652999999996,2020-06-30,0.0197,491,GO,1531,24
2912,2020-07-01,27,26145,372.52324,2020-07-01,0.0199,521,GO,1235,30
2939,2020-07-02,27,26318,374.98821,2020-07-02,0.0217,572,GO,173,51
2966,2020-07-03,27,27502,391.85826000000003,2020-07-03,0.0219,602,GO,1184,30
2993,2020-07-04,27,28526,406.44858,2020-07-04,0.0218,621,GO,1024,19
3020,2020-07-05,28,28526,406.44858,2020-07-05,0.0218,621,GO,0,0
3047,2020-07-06,28,30187,430.1151,2020-07-06,0.0217,654,GO,1661,33
3074,2020-07-07,28,32001,455.96160999999995,2020-07-07,0.0227,726,GO,1814,72
3101,2020-07-08,28,33367,475.42485999999997,2020-07-08,0.0224,748,GO,1366,22
3128,2020-07-09,28,34627,493.37779000000006,2020-07-09,0.023,795,GO,1260,47
3155,2020-07-10,28,35706,508.75177,2020-07-10,0.0234,835,GO,1079,40
3182,2020-07-11,28,36273,516.8305799999999,2020-07-11,0.0234,847,GO,567,12
3209,2020-07-12,29,36556,520.86287,2020-07-12,0.0233,851,GO,283,4
3236,2020-07-13,29,37333,531.93384,2020-07-13,0.0236,880,GO,777,29
3263,2020-07-14,29,38299,545.69775,2020-07-14,0.0238,910,GO,966,30
3289,2020-07-15,29,39474,562.43957,2020-07-15,0.0243,959,GO,1175,49
3316,2020-07-16,29,40544,577.68531,2020-07-16,0.0251,1018,GO,1070,59
3343,2020-07-17,29,40718,580.16452,2020-07-17,0.0258,1051,GO,174,33
3370,2020-07-18,29,40768,580.87694,2020-07-18,0.0266,1086,GO,50,35
3395,2020-07-19,30,40782,581.07642,2020-07-19,0.0271,1106,GO,14,20
3421,2020-07-20,30,41433,590.3521,2020-07-20,0.0276,1145,GO,651,39
3448,2020-07-21,30,45254,644.7950599999999,2020-07-21,0.026000000000000002,1178,GO,3821,33
