index_in_parent_file,date,epidemiological_week,last_available_confirmed,last_available_confirmed_per_100k_inhabitants,last_available_date,last_available_death_rate,last_available_deaths,state,new_confirmed,new_deaths
155,2020-03-19,12,3,0.09165,2020-03-19,0.0,0,PI,3,0
178,2020-03-20,12,4,0.1222,2020-03-20,0.0,0,PI,1,0
202,2020-03-21,12,4,0.1222,2020-03-21,0.0,0,PI,0,0
229,2020-03-22,13,6,0.18331,2020-03-22,0.0,0,PI,2,0
255,2020-03-23,13,6,0.18331,2020-03-23,0.0,0,PI,0,0
279,2020-03-24,13,8,0.24441,2020-03-24,0.0,0,PI,2,0
306,2020-03-25,13,8,0.24441,2020-03-25,0.0,0,PI,0,0
333,2020-03-26,13,9,0.27496,2020-03-26,0.0,0,PI,1,0
359,2020-03-27,13,10,0.30551,2020-03-27,0.1,1,PI,1,1
385,2020-03-28,13,11,0.33605999999999997,2020-03-28,0.0909,1,PI,1,0
434,2020-03-30,14,18,0.54992,2020-03-30,0.2222,4,PI,7,3
461,2020-03-31,14,18,0.54992,2020-03-31,0.2222,4,PI,0,0
488,2020-04-01,14,19,0.5804699999999999,2020-04-01,0.2105,4,PI,1,0
515,2020-04-02,14,19,0.5804699999999999,2020-04-02,0.2105,4,PI,0,0
542,2020-04-03,14,22,0.6721199999999999,2020-04-03,0.1818,4,PI,3,0
569,2020-04-04,14,24,0.73322,2020-04-04,0.1667,4,PI,2,0
596,2020-04-05,15,24,0.73322,2020-04-05,0.1667,4,PI,0,0
622,2020-04-06,15,26,0.79432,2020-04-06,0.1538,4,PI,2,0
648,2020-04-07,15,31,0.9470799999999999,2020-04-07,0.1613,5,PI,5,1
675,2020-04-08,15,38,1.16093,2020-04-08,0.1579,6,PI,7,1
702,2020-04-09,15,40,1.22204,2020-04-09,0.175,7,PI,2,1
728,2020-04-10,15,41,1.2525899999999999,2020-04-10,0.1707,7,PI,1,0
755,2020-04-11,15,44,1.3442399999999999,2020-04-11,0.1591,7,PI,3,0
782,2020-04-12,16,51,1.5581,2020-04-12,0.1373,7,PI,7,0
808,2020-04-13,16,58,1.77195,2020-04-13,0.1379,8,PI,7,1
834,2020-04-14,16,75,2.2913200000000002,2020-04-14,0.1067,8,PI,17,0
861,2020-04-15,16,91,2.7801299999999998,2020-04-15,0.0879,8,PI,16,0
888,2020-04-16,16,102,3.11619,2020-04-16,0.0784,8,PI,11,0
915,2020-04-17,16,123,3.7577599999999998,2020-04-17,0.0732,9,PI,21,1
942,2020-04-18,16,144,4.39933,2020-04-18,0.0694,10,PI,21,1
969,2020-04-19,17,158,4.82704,2020-04-19,0.0759,12,PI,14,2
996,2020-04-20,17,186,5.6824699999999995,2020-04-20,0.0753,14,PI,28,2
1023,2020-04-21,17,206,6.293480000000001,2020-04-21,0.0728,15,PI,20,1
1050,2020-04-22,17,217,6.6295399999999995,2020-04-22,0.0691,15,PI,11,0
1076,2020-04-23,17,256,7.82103,2020-04-23,0.0625,16,PI,39,1
1103,2020-04-24,17,297,9.07361,2020-04-24,0.0572,17,PI,41,1
1130,2020-04-25,17,331,10.11234,2020-04-25,0.0544,18,PI,34,1
1157,2020-04-26,18,364,11.120519999999999,2020-04-26,0.0549,20,PI,33,2
1184,2020-04-27,18,408,12.46476,2020-04-27,0.0515,21,PI,44,1
1211,2020-04-28,18,454,13.8701,2020-04-28,0.0529,24,PI,46,3
1237,2020-04-29,18,513,15.67261,2020-04-29,0.0468,24,PI,59,0
1263,2020-04-30,18,600,18.33053,2020-04-30,0.04,24,PI,87,0
1290,2020-05-01,18,665,20.31634,2020-05-01,0.0391,26,PI,65,2
1317,2020-05-02,18,742,22.66876,2020-05-02,0.0377,28,PI,77,2
1343,2020-05-03,19,784,23.9519,2020-05-03,0.0357,28,PI,42,0
1370,2020-05-04,19,875,26.732029999999998,2020-05-04,0.0331,29,PI,91,1
1397,2020-05-05,19,949,28.9928,2020-05-05,0.0316,30,PI,74,1
1424,2020-05-06,19,1051,32.108990000000006,2020-05-06,0.0333,35,PI,102,5
1451,2020-05-07,19,1131,34.553059999999995,2020-05-07,0.0327,37,PI,80,2
1478,2020-05-08,19,1233,37.66925,2020-05-08,0.0308,38,PI,102,1
1505,2020-05-09,19,1278,39.04404,2020-05-09,0.0329,42,PI,45,4
1531,2020-05-10,20,1332,40.69379,2020-05-10,0.0338,45,PI,54,3
1558,2020-05-11,20,1443,44.08494,2020-05-11,0.034,49,PI,111,4
1585,2020-05-12,20,1612,49.24804,2020-05-12,0.0354,57,PI,169,8
1612,2020-05-13,20,1784,54.502790000000005,2020-05-13,0.0336,60,PI,172,3
1639,2020-05-14,20,1905,58.19945,2020-05-14,0.0315,60,PI,121,0
1666,2020-05-15,20,2085,63.698609999999995,2020-05-15,0.0312,65,PI,180,5
1692,2020-05-16,20,2252,68.80060999999999,2020-05-16,0.032,72,PI,167,7
1718,2020-05-17,21,2287,69.86989,2020-05-17,0.035,80,PI,35,8
1745,2020-05-18,21,2440,74.54417,2020-05-18,0.0348,85,PI,153,5
1772,2020-05-19,21,2637,80.5627,2020-05-19,0.033,87,PI,197,2
1799,2020-05-20,21,2852,87.13114,2020-05-20,0.0319,91,PI,215,4
1826,2020-05-21,21,3074,93.91344000000001,2020-05-21,0.0303,93,PI,222,2
1852,2020-05-22,21,3258,99.5348,2020-05-22,0.0304,99,PI,184,6
1878,2020-05-23,21,3390,103.56752,2020-05-23,0.0316,107,PI,132,8
1904,2020-05-24,22,3550,108.45566000000001,2020-05-24,0.031,110,PI,160,3
1930,2020-05-25,22,3720,113.64931000000001,2020-05-25,0.032,119,PI,170,9
1957,2020-05-26,22,3966,121.16483000000001,2020-05-26,0.0338,134,PI,246,15
1984,2020-05-27,22,4243,129.62743,2020-05-27,0.0325,138,PI,277,4
2009,2020-05-28,22,4503,137.57066,2020-05-28,0.0324,146,PI,260,8
2036,2020-05-29,22,4745,144.96398,2020-05-29,0.0331,157,PI,242,11
2063,2020-05-30,22,4931,150.64643999999998,2020-05-30,0.0327,161,PI,186,4
2089,2020-05-31,23,5119,156.39001000000002,2020-05-31,0.0328,168,PI,188,7
2116,2020-06-01,23,5506,168.2132,2020-06-01,0.0327,180,PI,387,12
2142,2020-06-02,23,5828,178.05059,2020-06-02,0.0329,192,PI,322,12
2169,2020-06-03,23,6064,185.2606,2020-06-03,0.0333,202,PI,236,10
2195,2020-06-04,23,6717,205.21033,2020-06-04,0.0323,217,PI,653,15
2221,2020-06-05,23,7105,217.06408,2020-06-05,0.0315,224,PI,388,7
2248,2020-06-06,23,7478,228.45956,2020-06-06,0.032,239,PI,373,15
2274,2020-06-07,24,7621,232.82834,2020-06-07,0.0333,254,PI,143,15
2301,2020-06-08,24,7927,242.17691000000002,2020-06-08,0.0334,265,PI,306,11
2328,2020-06-09,24,8359,255.37489,2020-06-09,0.0339,283,PI,432,18
2355,2020-06-10,24,8823,269.55051000000003,2020-06-10,0.0339,299,PI,464,16
2382,2020-06-11,24,9337,285.25367,2020-06-11,0.034,317,PI,514,18
2409,2020-06-12,24,9825,300.1625,2020-06-12,0.0341,335,PI,488,18
2436,2020-06-13,24,10153,310.18318999999997,2020-06-13,0.0355,360,PI,328,25
2463,2020-06-14,25,10357,316.41557,2020-06-14,0.0361,374,PI,204,14
2490,2020-06-15,25,10881,332.42424,2020-06-15,0.0361,393,PI,524,19
2517,2020-06-16,25,11559,353.13774,2020-06-16,0.0344,398,PI,678,5
2544,2020-06-17,25,12099,369.63523,2020-06-17,0.0348,421,PI,540,23
2571,2020-06-18,25,12567,383.93304,2020-06-18,0.0346,435,PI,468,14
2598,2020-06-19,25,13813,421.99945,2020-06-19,0.0332,459,PI,1246,24
2625,2020-06-20,25,14264,435.7779,2020-06-20,0.034,485,PI,451,26
2652,2020-06-21,26,14476,442.25469000000004,2020-06-21,0.0347,502,PI,212,17
2679,2020-06-22,26,15269,466.48155,2020-06-22,0.0339,517,PI,793,15
2706,2020-06-23,26,16227,495.7493,2020-06-23,0.0329,534,PI,958,17
2733,2020-06-24,26,17080,521.80921,2020-06-24,0.032,546,PI,853,12
2760,2020-06-25,26,18023,550.6187,2020-06-25,0.0318,574,PI,943,28
2786,2020-06-26,26,18665,570.2323700000001,2020-06-26,0.0317,592,PI,642,18
2812,2020-06-27,26,19158,585.29396,2020-06-27,0.0321,615,PI,493,23
2839,2020-06-28,27,19753,603.4717400000001,2020-06-28,0.0326,643,PI,595,28
2866,2020-06-29,27,20422,623.91029,2020-06-29,0.0325,663,PI,669,20
2893,2020-06-30,27,22059,673.9221,2020-06-30,0.0311,686,PI,1637,23
2920,2020-07-01,27,23307,712.0496099999999,2020-07-01,0.0299,697,PI,1248,11
2947,2020-07-02,27,24376,744.7085099999999,2020-07-02,0.0298,726,PI,1069,29
2974,2020-07-03,27,25561,780.91131,2020-07-03,0.0298,762,PI,1185,36
3001,2020-07-04,27,26079,796.73668,2020-07-04,0.0301,784,PI,518,22
3028,2020-07-05,28,26511,809.93466,2020-07-05,0.0305,809,PI,432,25
3055,2020-07-06,28,27514,840.5772,2020-07-06,0.0303,834,PI,1003,25
3082,2020-07-07,28,28411,867.98135,2020-07-07,0.0302,858,PI,897,24
3109,2020-07-08,28,29745,908.7362400000001,2020-07-08,0.0297,884,PI,1334,26
3136,2020-07-09,28,31269,955.2958,2020-07-09,0.0287,896,PI,1524,12
3163,2020-07-10,28,32465,991.83466,2020-07-10,0.0282,914,PI,1196,18
3190,2020-07-11,28,32963,1007.04901,2020-07-11,0.0284,936,PI,498,22
3217,2020-07-12,29,33359,1019.14716,2020-07-12,0.0288,960,PI,396,24
3244,2020-07-13,29,34156,1043.49622,2020-07-13,0.028999999999999998,992,PI,797,32
3270,2020-07-14,29,35445,1082.8763199999999,2020-07-14,0.0287,1019,PI,1289,27
3297,2020-07-15,29,36542,1116.39064,2020-07-15,0.0285,1043,PI,1097,24
3324,2020-07-16,29,37057,1132.12435,2020-07-16,0.0287,1065,PI,515,22
3351,2020-07-17,29,38568,1178.28675,2020-07-17,0.0281,1083,PI,1511,18
3378,2020-07-18,29,39296,1200.5278,2020-07-18,0.027999999999999997,1100,PI,728,17
3403,2020-07-19,30,39606,1209.99857,2020-07-19,0.0282,1118,PI,310,18
3429,2020-07-20,30,40276,1230.46767,2020-07-20,0.0283,1140,PI,670,22
3455,2020-07-21,30,41828,1277.88265,2020-07-21,0.0277,1158,PI,1552,18
