index_in_parent_file,date,epidemiological_week,last_available_confirmed,last_available_confirmed_per_100k_inhabitants,last_available_date,last_available_death_rate,last_available_deaths,state,new_confirmed,new_deaths
53,2020-03-12,11,6,0.05248,2020-03-12,0.0,0,PR,6,0
68,2020-03-13,11,6,0.05248,2020-03-13,0.0,0,PR,0,0
101,2020-03-16,12,6,0.05248,2020-03-16,0.0,0,PR,0,0
118,2020-03-17,12,12,0.10495,2020-03-17,0.0,0,PR,6,0
134,2020-03-18,12,14,0.12244000000000001,2020-03-18,0.0,0,PR,2,0
156,2020-03-19,12,23,0.20115999999999998,2020-03-19,0.0,0,PR,9,0
179,2020-03-20,12,36,0.31485,2020-03-20,0.0,0,PR,13,0
203,2020-03-21,12,43,0.37606999999999996,2020-03-21,0.0,0,PR,7,0
230,2020-03-22,13,54,0.47228000000000003,2020-03-22,0.0,0,PR,11,0
256,2020-03-23,13,60,0.52475,2020-03-23,0.0,0,PR,6,0
280,2020-03-24,13,70,0.61221,2020-03-24,0.0,0,PR,10,0
307,2020-03-25,13,97,0.84835,2020-03-25,0.0,0,PR,27,0
334,2020-03-26,13,106,0.92706,2020-03-26,0.0,0,PR,9,0
360,2020-03-27,13,125,1.09323,2020-03-27,0.016,2,PR,19,2
386,2020-03-28,13,137,1.1981899999999999,2020-03-28,0.0146,2,PR,12,0
410,2020-03-29,14,152,1.3293700000000002,2020-03-29,0.0132,2,PR,15,0
435,2020-03-30,14,160,1.39934,2020-03-30,0.0187,3,PR,8,1
462,2020-03-31,14,185,1.61799,2020-03-31,0.0162,3,PR,25,0
489,2020-04-01,14,229,2.0028099999999998,2020-04-01,0.0131,3,PR,44,0
516,2020-04-02,14,258,2.25644,2020-04-02,0.0155,4,PR,29,1
543,2020-04-03,14,307,2.68498,2020-04-03,0.0163,5,PR,49,1
570,2020-04-04,14,401,3.5071,2020-04-04,0.0175,7,PR,94,2
597,2020-04-05,15,445,3.89192,2020-04-05,0.0225,10,PR,44,3
623,2020-04-06,15,466,4.07558,2020-04-06,0.03,14,PR,21,4
649,2020-04-07,15,511,4.46914,2020-04-07,0.0294,15,PR,45,1
676,2020-04-08,15,550,4.810230000000001,2020-04-08,0.0309,17,PR,39,2
703,2020-04-09,15,621,5.43119,2020-04-09,0.0386,24,PR,71,7
729,2020-04-10,15,655,5.72855,2020-04-10,0.0397,26,PR,34,2
756,2020-04-11,15,688,6.01716,2020-04-11,0.0392,27,PR,33,1
783,2020-04-12,16,750,6.559410000000001,2020-04-12,0.0413,31,PR,62,4
809,2020-04-13,16,768,6.71683,2020-04-13,0.043,33,PR,18,2
835,2020-04-14,16,803,7.022939999999999,2020-04-14,0.0486,39,PR,35,6
862,2020-04-15,16,816,7.136639999999999,2020-04-15,0.0502,41,PR,13,2
889,2020-04-16,16,845,7.39027,2020-04-16,0.0509,43,PR,29,2
916,2020-04-17,16,887,7.7575899999999995,2020-04-17,0.0496,44,PR,42,1
943,2020-04-18,16,960,8.39604,2020-04-18,0.051,49,PR,73,5
970,2020-04-19,17,1002,8.76337,2020-04-19,0.0519,52,PR,42,3
997,2020-04-20,17,1022,8.93829,2020-04-20,0.0519,53,PR,20,1
1024,2020-04-21,17,1039,9.086969999999999,2020-04-21,0.0529,55,PR,17,2
1051,2020-04-22,17,1077,9.419310000000001,2020-04-22,0.0557,60,PR,38,5
1077,2020-04-23,17,1096,9.58548,2020-04-23,0.0566,62,PR,19,2
1104,2020-04-24,17,1133,9.90908,2020-04-24,0.0591,67,PR,37,5
1131,2020-04-25,17,1155,10.10149,2020-04-25,0.0615,71,PR,22,4
1158,2020-04-26,18,1171,10.24142,2020-04-26,0.064,75,PR,16,4
1185,2020-04-27,18,1201,10.5038,2020-04-27,0.0641,77,PR,30,2
1212,2020-04-28,18,1286,11.2472,2020-04-28,0.0614,79,PR,85,2
1238,2020-04-29,18,1364,11.92938,2020-04-29,0.0616,84,PR,78,5
1264,2020-04-30,18,1423,12.44539,2020-04-30,0.0618,88,PR,59,4
1291,2020-05-01,18,1464,12.80397,2020-05-01,0.0628,92,PR,41,4
1318,2020-05-02,18,1510,13.20628,2020-05-02,0.0616,93,PR,46,1
1344,2020-05-03,19,1533,13.407429999999998,2020-05-03,0.0626,96,PR,23,3
1371,2020-05-04,19,1581,13.827229999999998,2020-05-04,0.0614,97,PR,48,1
1398,2020-05-05,19,1608,14.06337,2020-05-05,0.0634,102,PR,27,5
1425,2020-05-06,19,1647,14.40446,2020-05-06,0.0631,104,PR,39,2
1452,2020-05-07,19,1678,14.675579999999998,2020-05-07,0.0638,107,PR,31,3
1479,2020-05-08,19,1734,15.16535,2020-05-08,0.0629,109,PR,56,2
1506,2020-05-09,19,1809,15.82129,2020-05-09,0.0608,110,PR,75,1
1532,2020-05-10,20,1859,16.258589999999998,2020-05-10,0.0602,112,PR,50,2
1559,2020-05-11,20,1873,16.38103,2020-05-11,0.0609,114,PR,14,2
1586,2020-05-12,20,1930,16.87955,2020-05-12,0.0601,116,PR,57,2
1613,2020-05-13,20,2023,17.69291,2020-05-13,0.0593,120,PR,93,4
1640,2020-05-14,20,2091,18.28763,2020-05-14,0.0583,122,PR,68,2
1667,2020-05-15,20,2167,18.95232,2020-05-15,0.0572,124,PR,76,2
1693,2020-05-16,20,2272,19.870639999999998,2020-05-16,0.0555,126,PR,105,2
1719,2020-05-17,21,2316,20.25545,2020-05-17,0.0548,127,PR,44,1
1746,2020-05-18,21,2390,20.90265,2020-05-18,0.0544,130,PR,74,3
1773,2020-05-19,21,2519,22.03087,2020-05-19,0.0528,133,PR,129,3
1800,2020-05-20,21,2656,23.22905,2020-05-20,0.0527,140,PR,137,7
1827,2020-05-21,21,2855,24.969479999999997,2020-05-21,0.0504,144,PR,199,4
1853,2020-05-22,21,2985,26.10645,2020-05-22,0.0499,149,PR,130,5
1879,2020-05-23,21,3147,27.52328,2020-05-23,0.0486,153,PR,162,4
1905,2020-05-24,22,3260,28.51156,2020-05-24,0.0479,156,PR,113,3
1931,2020-05-25,22,3384,29.59605,2020-05-25,0.0473,160,PR,124,4
1958,2020-05-26,22,3567,31.19655,2020-05-26,0.046,164,PR,183,4
1985,2020-05-27,22,3768,32.95447,2020-05-27,0.0443,167,PR,201,3
2010,2020-05-28,22,4041,35.3421,2020-05-28,0.0431,174,PR,273,7
2037,2020-05-29,22,4300,37.607279999999996,2020-05-29,0.0414,178,PR,259,4
2064,2020-05-30,22,4538,39.6888,2020-05-30,0.040999999999999995,186,PR,238,8
2090,2020-05-31,23,4752,41.56042,2020-05-31,0.0394,187,PR,214,1
2117,2020-06-01,23,4900,42.85481,2020-06-01,0.0398,195,PR,148,8
2143,2020-06-02,23,5235,45.78467,2020-06-02,0.039,204,PR,335,9
2170,2020-06-03,23,5567,48.688309999999994,2020-06-03,0.0377,210,PR,332,6
2196,2020-06-04,23,5895,51.55695,2020-06-04,0.0373,220,PR,328,10
2222,2020-06-05,23,6434,56.27098,2020-06-05,0.0362,233,PR,539,13
2249,2020-06-06,23,6693,58.53617,2020-06-06,0.0357,239,PR,259,6
2275,2020-06-07,24,6987,61.10745,2020-06-07,0.0349,244,PR,294,5
2302,2020-06-08,24,7121,62.2794,2020-06-08,0.0351,250,PR,134,6
2329,2020-06-09,24,7410,64.80696,2020-06-09,0.0351,260,PR,289,10
2356,2020-06-10,24,7934,69.3898,2020-06-10,0.0355,282,PR,524,22
2383,2020-06-11,24,8569,74.94343,2020-06-11,0.0336,288,PR,635,6
2410,2020-06-12,24,8818,77.12116,2020-06-12,0.0342,302,PR,249,14
2437,2020-06-13,24,9353,81.8002,2020-06-13,0.0342,320,PR,535,18
2464,2020-06-14,25,9706,84.8875,2020-06-14,0.0344,334,PR,353,14
2491,2020-06-15,25,9839,86.0507,2020-06-15,0.0348,342,PR,133,8
2518,2020-06-16,25,10690,93.49344,2020-06-16,0.0348,372,PR,851,30
2545,2020-06-17,25,11225,98.17249,2020-06-17,0.0351,394,PR,535,22
2572,2020-06-18,25,12059,105.46655,2020-06-18,0.0344,415,PR,834,21
2599,2020-06-19,25,12932,113.1017,2020-06-19,0.0331,428,PR,873,13
2626,2020-06-20,25,13821,120.87678999999999,2020-06-20,0.0316,437,PR,889,9
2653,2020-06-21,26,14501,126.82399,2020-06-21,0.0311,451,PR,680,14
2680,2020-06-22,26,15124,132.27267,2020-06-22,0.031,469,PR,623,18
2707,2020-06-23,26,15853,138.64841,2020-06-23,0.0314,498,PR,729,29
2734,2020-06-24,26,16963,148.35634,2020-06-24,0.0307,521,PR,1110,23
2761,2020-06-25,26,17822,155.86905,2020-06-25,0.0302,539,PR,859,18
2787,2020-06-26,26,18672,163.30305,2020-06-26,0.0302,564,PR,850,25
2813,2020-06-27,26,19819,173.33456999999999,2020-06-27,0.028999999999999998,575,PR,1147,11
2840,2020-06-28,27,20742,181.40701,2020-06-28,0.0289,599,PR,923,24
2867,2020-06-29,27,21326,186.51461,2020-06-29,0.0287,613,PR,584,14
2894,2020-06-30,27,22877,200.07947,2020-06-30,0.0284,649,PR,1551,36
2921,2020-07-01,27,24225,211.86891,2020-07-01,0.0274,663,PR,1348,14
2948,2020-07-02,27,26304,230.05159,2020-07-02,0.0268,706,PR,2079,43
2975,2020-07-03,27,28166,246.33642000000003,2020-07-03,0.0258,727,PR,1862,21
3002,2020-07-04,27,30570,267.36151,2020-07-04,0.025,763,PR,2404,36
3029,2020-07-05,28,31459,275.1366,2020-07-05,0.0253,795,PR,889,32
3056,2020-07-06,28,32769,286.5937,2020-07-06,0.025,820,PR,1310,25
3083,2020-07-07,28,34308,300.0536,2020-07-07,0.0248,851,PR,1539,31
3110,2020-07-08,28,35715,312.35905,2020-07-08,0.0251,895,PR,1407,44
3137,2020-07-09,28,37424,327.30576,2020-07-09,0.0249,931,PR,1709,36
3164,2020-07-10,28,39512,345.56716,2020-07-10,0.0248,978,PR,2088,47
3191,2020-07-11,28,40797,356.80561,2020-07-11,0.0249,1016,PR,1285,38
3218,2020-07-12,29,42537,372.02344,2020-07-12,0.0246,1045,PR,1740,29
3245,2020-07-13,29,43582,381.16288,2020-07-13,0.025,1089,PR,1045,44
3271,2020-07-14,29,45363,396.73929,2020-07-14,0.0253,1146,PR,1781,57
3298,2020-07-15,29,47124,412.14078,2020-07-15,0.0255,1200,PR,1761,54
3325,2020-07-16,29,49405,432.09013,2020-07-16,0.0252,1246,PR,2281,46
3352,2020-07-17,29,51321,448.84724000000006,2020-07-17,0.0252,1292,PR,1916,46
3379,2020-07-18,29,53553,468.36804000000006,2020-07-18,0.0244,1308,PR,2232,16
3404,2020-07-19,30,54629,477.7786,2020-07-19,0.0243,1327,PR,1076,19
3430,2020-07-20,30,55909,488.97333,2020-07-20,0.0243,1357,PR,1280,30
3456,2020-07-21,30,57538,503.22035999999997,2020-07-21,0.0246,1415,PR,1629,58
