index_in_parent_file,date,epidemiological_week,last_available_confirmed,last_available_confirmed_per_100k_inhabitants,last_available_date,last_available_death_rate,last_available_deaths,state,new_confirmed,new_deaths
181,2020-03-20,12,1,0.05627000000000001,2020-03-20,0.0,0,RO,1,0
206,2020-03-21,12,3,0.1688,2020-03-21,0.0,0,RO,2,0
233,2020-03-22,13,3,0.1688,2020-03-22,0.0,0,RO,0,0
283,2020-03-24,13,5,0.28134000000000003,2020-03-24,0.0,0,RO,2,0
310,2020-03-25,13,5,0.28134000000000003,2020-03-25,0.0,0,RO,0,0
337,2020-03-26,13,6,0.3376,2020-03-26,0.0,0,RO,1,0
363,2020-03-27,13,6,0.3376,2020-03-27,0.0,0,RO,0,0
389,2020-03-28,13,6,0.3376,2020-03-28,0.0,0,RO,0,0
412,2020-03-29,14,6,0.3376,2020-03-29,0.0,0,RO,0,0
438,2020-03-30,14,8,0.45014,2020-03-30,0.125,1,RO,2,1
465,2020-03-31,14,9,0.50641,2020-03-31,0.1111,1,RO,1,0
492,2020-04-01,14,9,0.50641,2020-04-01,0.1111,1,RO,0,0
519,2020-04-02,14,10,0.56267,2020-04-02,0.1,1,RO,1,0
546,2020-04-03,14,10,0.56267,2020-04-03,0.1,1,RO,0,0
573,2020-04-04,14,11,0.6189399999999999,2020-04-04,0.0909,1,RO,1,0
600,2020-04-05,15,14,0.78774,2020-04-05,0.0714,1,RO,3,0
625,2020-04-06,15,18,1.01281,2020-04-06,0.0556,1,RO,4,0
652,2020-04-07,15,23,1.29415,2020-04-07,0.0435,1,RO,5,0
679,2020-04-08,15,26,1.46295,2020-04-08,0.0385,1,RO,3,0
705,2020-04-09,15,28,1.57549,2020-04-09,0.0714,2,RO,2,1
732,2020-04-10,15,32,1.80056,2020-04-10,0.0625,2,RO,4,0
759,2020-04-11,15,34,1.9130900000000002,2020-04-11,0.0588,2,RO,2,0
786,2020-04-12,16,42,2.3632299999999997,2020-04-12,0.0476,2,RO,8,0
838,2020-04-14,16,69,3.88246,2020-04-14,0.028999999999999998,2,RO,27,0
865,2020-04-15,16,73,4.107530000000001,2020-04-15,0.0274,2,RO,4,0
892,2020-04-16,16,92,5.17661,2020-04-16,0.0326,3,RO,19,1
919,2020-04-17,16,110,6.18942,2020-04-17,0.0273,3,RO,18,0
946,2020-04-18,16,128,7.20224,2020-04-18,0.0312,4,RO,18,1
973,2020-04-19,17,160,9.0028,2020-04-19,0.025,4,RO,32,0
1000,2020-04-20,17,199,11.197230000000001,2020-04-20,0.0201,4,RO,39,0
1027,2020-04-21,17,223,12.54765,2020-04-21,0.0224,5,RO,24,1
1080,2020-04-23,17,250,14.066870000000002,2020-04-23,0.02,5,RO,27,0
1107,2020-04-24,17,290,16.31757,2020-04-24,0.0207,6,RO,40,1
1134,2020-04-25,17,328,18.45574,2020-04-25,0.0213,7,RO,38,1
1161,2020-04-26,18,364,20.481370000000002,2020-04-26,0.0275,10,RO,36,3
1188,2020-04-27,18,393,22.113129999999998,2020-04-27,0.0254,10,RO,29,0
1215,2020-04-28,18,413,23.23848,2020-04-28,0.0266,11,RO,20,1
1241,2020-04-29,18,433,24.36383,2020-04-29,0.0346,15,RO,20,4
1267,2020-04-30,18,502,28.24628,2020-04-30,0.0319,16,RO,69,1
1294,2020-05-01,18,585,32.91648,2020-05-01,0.0308,18,RO,83,2
1321,2020-05-02,18,654,36.79894,2020-05-02,0.0352,23,RO,69,5
1347,2020-05-03,19,705,39.66858,2020-05-03,0.034,24,RO,51,1
1374,2020-05-04,19,756,42.53823,2020-05-04,0.0331,25,RO,51,1
1401,2020-05-05,19,861,48.44631,2020-05-05,0.0337,29,RO,105,4
1428,2020-05-06,19,943,53.06025,2020-05-06,0.035,33,RO,82,4
1455,2020-05-07,19,1098,61.78171,2020-05-07,0.0337,37,RO,155,4
1482,2020-05-08,19,1222,68.75888,2020-05-08,0.0319,39,RO,124,2
1508,2020-05-09,19,1263,71.06585,2020-05-09,0.0325,41,RO,41,2
1535,2020-05-10,20,1302,73.26028000000001,2020-05-10,0.033,43,RO,39,2
1562,2020-05-11,20,1398,78.66196,2020-05-11,0.0336,47,RO,96,4
1589,2020-05-12,20,1460,82.15054,2020-05-12,0.0342,50,RO,62,3
1616,2020-05-13,20,1612,90.7032,2020-05-13,0.031,50,RO,152,0
1643,2020-05-14,20,1686,94.867,2020-05-14,0.0332,56,RO,74,6
1669,2020-05-15,20,1794,100.94389,2020-05-15,0.0346,62,RO,108,6
1696,2020-05-16,20,1918,107.92106000000001,2020-05-16,0.036000000000000004,69,RO,124,7
1722,2020-05-17,21,1963,110.45308999999999,2020-05-17,0.0377,74,RO,45,5
1749,2020-05-18,21,2043,114.95448999999999,2020-05-18,0.0406,83,RO,80,9
1776,2020-05-19,21,2413,135.77347,2020-05-19,0.0365,88,RO,370,5
1803,2020-05-20,21,2499,140.61247,2020-05-20,0.036000000000000004,90,RO,86,2
1856,2020-05-22,21,2774,156.08603,2020-05-22,0.0382,106,RO,275,16
1881,2020-05-23,21,3109,174.93563999999998,2020-05-23,0.037000000000000005,115,RO,335,9
1908,2020-05-24,22,3201,180.11225,2020-05-24,0.0378,121,RO,92,6
1934,2020-05-25,22,3268,183.88218,2020-05-25,0.037000000000000005,121,RO,67,0
1961,2020-05-26,22,3493,196.54236,2020-05-26,0.0381,133,RO,225,12
1987,2020-05-27,22,3862,217.30507000000003,2020-05-27,0.0355,137,RO,369,4
2013,2020-05-28,22,4252,239.24938999999998,2020-05-28,0.0334,142,RO,390,5
2040,2020-05-29,22,4502,253.31627000000003,2020-05-29,0.0322,145,RO,250,3
2066,2020-05-30,22,4743,266.87673,2020-05-30,0.0318,151,RO,241,6
2093,2020-05-31,23,4942,278.07396,2020-05-31,0.0316,156,RO,199,5
2146,2020-06-02,23,5477,308.17707,2020-06-02,0.0314,172,RO,535,16
2173,2020-06-03,23,5714,321.51247,2020-06-03,0.0315,180,RO,237,8
2199,2020-06-04,23,6459,363.43175,2020-06-04,0.03,194,RO,745,14
2225,2020-06-05,23,6862,386.10756000000003,2020-06-05,0.031,213,RO,403,19
2251,2020-06-06,23,7701,433.31597999999997,2020-06-06,0.0296,228,RO,839,15
2278,2020-06-07,24,8110,456.32939000000005,2020-06-07,0.028999999999999998,235,RO,409,7
2305,2020-06-08,24,8626,485.36342,2020-06-08,0.0284,245,RO,516,10
2332,2020-06-09,24,9220,518.78631,2020-06-09,0.0277,255,RO,594,10
2359,2020-06-10,24,9850,554.23483,2020-06-10,0.0271,267,RO,630,12
2386,2020-06-11,24,10547,593.45328,2020-06-11,0.0278,293,RO,697,26
2413,2020-06-12,24,11224,631.54637,2020-06-12,0.0264,296,RO,677,3
2440,2020-06-13,24,11632,654.50351,2020-06-13,0.0266,309,RO,408,13
2467,2020-06-14,25,11865,667.61384,2020-06-14,0.0273,324,RO,233,15
2494,2020-06-15,25,12180,685.3381,2020-06-15,0.0273,332,RO,315,8
2521,2020-06-16,25,13010,732.04012,2020-06-16,0.0266,346,RO,830,14
2548,2020-06-17,25,13567,763.3811099999999,2020-06-17,0.0266,361,RO,557,15
2575,2020-06-18,25,13804,776.71651,2020-06-18,0.0271,374,RO,237,13
2602,2020-06-19,25,14353,807.6073700000001,2020-06-19,0.0272,391,RO,549,17
2629,2020-06-20,25,14952,841.3116,2020-06-20,0.0274,409,RO,599,18
2656,2020-06-21,26,15181,854.19685,2020-06-21,0.0275,417,RO,229,8
2683,2020-06-22,26,15827,890.54565,2020-06-22,0.0273,432,RO,646,15
2710,2020-06-23,26,16499,928.35741,2020-06-23,0.0269,444,RO,672,12
2737,2020-06-24,26,17424,980.40484,2020-06-24,0.0261,455,RO,925,11
2790,2020-06-26,26,19271,1084.33091,2020-06-26,0.0247,476,RO,1847,21
2816,2020-06-27,26,19735,1110.43903,2020-06-27,0.0244,481,RO,464,5
2843,2020-06-28,27,19820,1115.22176,2020-06-28,0.0245,486,RO,85,5
2870,2020-06-29,27,20406,1148.19452,2020-06-29,0.0245,499,RO,586,13
2897,2020-06-30,27,21251,1195.74055,2020-06-30,0.0244,518,RO,845,19
2924,2020-07-01,27,21523,1211.04531,2020-07-01,0.0243,523,RO,272,5
2951,2020-07-02,27,21970,1236.19688,2020-07-02,0.0241,530,RO,447,7
2978,2020-07-03,27,22241,1251.44537,2020-07-03,0.024,533,RO,271,3
3005,2020-07-04,27,22957,1291.7329,2020-07-04,0.0239,548,RO,716,15
3032,2020-07-05,28,23479,1321.10453,2020-07-05,0.0236,555,RO,522,7
3059,2020-07-06,28,23920,1345.9185,2020-07-06,0.0233,558,RO,441,3
3086,2020-07-07,28,24563,1382.0985,2020-07-07,0.0235,577,RO,643,19
3113,2020-07-08,28,25067,1410.45731,2020-07-08,0.0233,585,RO,504,8
3140,2020-07-09,28,25402,1429.30693,2020-07-09,0.0232,589,RO,335,4
3167,2020-07-10,28,26000,1462.95489,2020-07-10,0.0233,606,RO,598,17
3194,2020-07-11,28,26496,1490.86357,2020-07-11,0.0233,617,RO,496,11
3221,2020-07-12,29,26728,1503.91762,2020-07-12,0.0235,628,RO,232,11
3248,2020-07-13,29,27050,1522.03576,2020-07-13,0.0239,647,RO,322,19
3274,2020-07-14,29,27528,1548.9316199999998,2020-07-14,0.0241,663,RO,478,16
3301,2020-07-15,29,27917,1570.81968,2020-07-15,0.0239,667,RO,389,4
3328,2020-07-16,29,28654,1612.28882,2020-07-16,0.0236,677,RO,737,10
3355,2020-07-17,29,29117,1638.3406699999998,2020-07-17,0.0236,686,RO,463,9
3433,2020-07-20,30,29801,1676.82764,2020-07-20,0.0238,710,RO,684,24
3458,2020-07-21,30,30642,1724.1486,2020-07-21,0.0237,727,RO,841,17
