index_in_parent_file,date,epidemiological_week,last_available_confirmed,last_available_confirmed_per_100k_inhabitants,last_available_date,last_available_death_rate,last_available_deaths,state,new_confirmed,new_deaths
80,2020-03-14,11,1,0.0435,2020-03-14,0.0,0,SE,1,0
106,2020-03-16,12,5,0.21750999999999998,2020-03-16,0.0,0,SE,4,0
139,2020-03-18,12,6,0.26102,2020-03-18,0.0,0,SE,1,0
184,2020-03-20,12,7,0.30451999999999996,2020-03-20,0.0,0,SE,1,0
210,2020-03-21,12,10,0.43503000000000003,2020-03-21,0.0,0,SE,3,0
287,2020-03-24,13,15,0.65254,2020-03-24,0.0,0,SE,5,0
314,2020-03-25,13,16,0.69605,2020-03-25,0.0,0,SE,1,0
367,2020-03-27,13,16,0.69605,2020-03-27,0.0,0,SE,0,0
442,2020-03-30,14,18,0.78305,2020-03-30,0.0,0,SE,2,0
469,2020-03-31,14,19,0.8265600000000001,2020-03-31,0.0,0,SE,1,0
496,2020-04-01,14,22,0.95706,2020-04-01,0.0,0,SE,3,0
523,2020-04-02,14,24,1.04407,2020-04-02,0.0833,2,SE,2,2
550,2020-04-03,14,27,1.17458,2020-04-03,0.0741,2,SE,3,0
577,2020-04-04,14,32,1.39209,2020-04-04,0.0938,3,SE,5,1
629,2020-04-06,15,32,1.39209,2020-04-06,0.125,4,SE,0,1
656,2020-04-07,15,36,1.5661100000000001,2020-04-07,0.1111,4,SE,4,0
683,2020-04-08,15,39,1.69661,2020-04-08,0.1026,4,SE,3,0
709,2020-04-09,15,40,1.7401200000000001,2020-04-09,0.1,4,SE,1,0
736,2020-04-10,15,42,1.82712,2020-04-10,0.0952,4,SE,2,0
763,2020-04-11,15,44,1.9141299999999999,2020-04-11,0.0909,4,SE,2,0
815,2020-04-13,16,45,1.95763,2020-04-13,0.0889,4,SE,1,0
842,2020-04-14,16,46,2.00113,2020-04-14,0.087,4,SE,1,0
869,2020-04-15,16,48,2.08814,2020-04-15,0.0833,4,SE,2,0
896,2020-04-16,16,53,2.30566,2020-04-16,0.0755,4,SE,5,0
923,2020-04-17,16,58,2.52317,2020-04-17,0.069,4,SE,5,0
950,2020-04-18,16,71,3.08871,2020-04-18,0.0704,5,SE,13,1
977,2020-04-19,17,86,3.74125,2020-04-19,0.0581,5,SE,15,0
1004,2020-04-20,17,92,4.002269999999999,2020-04-20,0.0543,5,SE,6,0
1031,2020-04-21,17,117,5.089840000000001,2020-04-21,0.0598,7,SE,25,2
1057,2020-04-22,17,118,5.13335,2020-04-22,0.0593,7,SE,1,0
1084,2020-04-23,17,135,5.87289,2020-04-23,0.0593,8,SE,17,1
1111,2020-04-24,17,145,6.307919999999999,2020-04-24,0.0552,8,SE,10,0
1138,2020-04-25,17,154,6.69945,2020-04-25,0.0584,9,SE,9,1
1165,2020-04-26,18,175,7.613010000000001,2020-04-26,0.0514,9,SE,21,0
1192,2020-04-27,18,211,9.17912,2020-04-27,0.0521,11,SE,36,2
1218,2020-04-28,18,280,12.180819999999999,2020-04-28,0.0393,11,SE,69,0
1271,2020-04-30,18,453,19.70683,2020-04-30,0.0309,14,SE,173,3
1298,2020-05-01,18,517,22.49101,2020-05-01,0.0271,14,SE,64,0
1324,2020-05-02,18,601,26.14526,2020-05-02,0.0233,14,SE,84,0
1351,2020-05-03,19,730,31.757140000000003,2020-05-03,0.0192,14,SE,129,0
1378,2020-05-04,19,772,33.58426,2020-05-04,0.022000000000000002,17,SE,42,3
1405,2020-05-05,19,898,39.06563,2020-05-05,0.0234,21,SE,126,4
1432,2020-05-06,19,998,43.41592,2020-05-06,0.023,23,SE,100,2
1459,2020-05-07,19,1214,52.81255,2020-05-07,0.0206,25,SE,216,2
1486,2020-05-08,19,1438,62.55721,2020-05-08,0.0195,28,SE,224,3
1512,2020-05-09,19,1588,69.08265,2020-05-09,0.0208,33,SE,150,5
1539,2020-05-10,20,1771,77.04368000000001,2020-05-10,0.0192,34,SE,183,1
1566,2020-05-11,20,1800,78.30527,2020-05-11,0.0206,37,SE,29,3
1593,2020-05-12,20,2032,88.39794,2020-05-12,0.0182,37,SE,232,0
1620,2020-05-13,20,2268,98.66463,2020-05-13,0.0185,42,SE,236,5
1647,2020-05-14,20,2494,108.4963,2020-05-14,0.0188,47,SE,226,5
1673,2020-05-15,20,2868,124.76638999999999,2020-05-15,0.0174,50,SE,374,3
1700,2020-05-16,20,3135,136.38166999999999,2020-05-16,0.0169,53,SE,267,3
1726,2020-05-17,21,3343,145.43028,2020-05-17,0.0171,57,SE,208,4
1753,2020-05-18,21,3566,155.13143,2020-05-18,0.0165,59,SE,223,2
1780,2020-05-19,21,3967,172.5761,2020-05-19,0.0159,63,SE,401,4
1807,2020-05-20,21,4277,186.06201000000001,2020-05-20,0.0161,69,SE,310,6
1833,2020-05-21,21,4734,205.94285,2020-05-21,0.0161,76,SE,457,7
1860,2020-05-22,21,4922,214.1214,2020-05-22,0.0167,82,SE,188,6
1885,2020-05-23,21,5131,223.21351,2020-05-23,0.0168,86,SE,209,4
1912,2020-05-24,22,5314,231.17453999999998,2020-05-24,0.0175,93,SE,183,7
1938,2020-05-25,22,5448,237.00394,2020-05-25,0.0189,103,SE,134,10
1965,2020-05-26,22,5735,249.48927999999998,2020-05-26,0.0202,116,SE,287,13
1991,2020-05-27,22,5912,257.18928999999997,2020-05-27,0.0215,127,SE,177,11
2017,2020-05-28,22,6156,267.80401,2020-05-28,0.0219,135,SE,244,8
2044,2020-05-29,22,6462,281.1159,2020-05-29,0.022000000000000002,142,SE,306,7
2070,2020-05-30,22,6805,296.03741,2020-05-30,0.0219,149,SE,343,7
2097,2020-05-31,23,6999,304.47697,2020-05-31,0.0226,158,SE,194,9
2123,2020-06-01,23,7233,314.65666,2020-06-01,0.023,166,SE,234,8
2150,2020-06-02,23,7555,328.6646,2020-06-02,0.0228,172,SE,322,6
2176,2020-06-03,23,7989,347.54487,2020-06-03,0.0225,180,SE,434,8
2203,2020-06-04,23,8200,356.72399,2020-06-04,0.0227,186,SE,211,6
2229,2020-06-05,23,8577,373.12459,2020-06-05,0.0231,198,SE,377,12
2255,2020-06-06,23,8972,390.30824,2020-06-06,0.0232,208,SE,395,10
2282,2020-06-07,24,9290,404.14217,2020-06-07,0.0234,217,SE,318,9
2309,2020-06-08,24,9727,423.15295,2020-06-08,0.0241,234,SE,437,17
2336,2020-06-09,24,10126,440.51062,2020-06-09,0.0249,252,SE,399,18
2363,2020-06-10,24,10615,461.78355,2020-06-10,0.0249,264,SE,489,12
2390,2020-06-11,24,11056,480.96834,2020-06-11,0.0256,283,SE,441,19
2417,2020-06-12,24,11534,501.76274000000006,2020-06-12,0.0264,305,SE,478,22
2444,2020-06-13,24,12866,559.70863,2020-06-13,0.0246,316,SE,1332,11
2471,2020-06-14,25,13968,607.64886,2020-06-14,0.0236,330,SE,1102,14
2498,2020-06-15,25,15675,681.90835,2020-06-15,0.0225,352,SE,1707,22
2525,2020-06-16,25,16310,709.53271,2020-06-16,0.0223,364,SE,635,12
2552,2020-06-17,25,16807,731.15366,2020-06-17,0.0228,383,SE,497,19
2579,2020-06-18,25,17338,754.25372,2020-06-18,0.0231,400,SE,531,17
2606,2020-06-19,25,17808,774.70009,2020-06-19,0.0239,426,SE,470,26
2633,2020-06-20,25,18449,802.58547,2020-06-20,0.0243,448,SE,641,22
2660,2020-06-21,26,18985,825.90303,2020-06-21,0.0243,462,SE,536,14
2687,2020-06-22,26,19384,843.2607,2020-06-22,0.0253,491,SE,399,29
2714,2020-06-23,26,19883,864.96866,2020-06-23,0.0257,511,SE,499,20
2741,2020-06-24,26,20353,885.4150400000001,2020-06-24,0.0257,524,SE,470,13
2767,2020-06-25,26,21081,917.08516,2020-06-25,0.0263,554,SE,728,30
2794,2020-06-26,26,21908,953.06208,2020-06-26,0.0264,579,SE,827,25
2820,2020-06-27,26,23319,1014.44471,2020-06-27,0.0259,605,SE,1411,26
2847,2020-06-28,27,24421,1062.3849300000002,2020-06-28,0.0254,620,SE,1102,15
2874,2020-06-29,27,24817,1079.61209,2020-06-29,0.0263,653,SE,396,33
2901,2020-06-30,27,25411,1105.4528300000002,2020-06-30,0.0266,676,SE,594,23
2928,2020-07-01,27,26612,1157.69984,2020-07-01,0.0272,725,SE,1201,49
2955,2020-07-02,27,26612,1157.69984,2020-07-02,0.0272,725,SE,0,0
2982,2020-07-03,27,28186,1226.17345,2020-07-03,0.0271,764,SE,1574,39
3009,2020-07-04,27,29761,1294.69055,2020-07-04,0.0263,783,SE,1575,19
3036,2020-07-05,28,30217,1314.52789,2020-07-05,0.0264,798,SE,456,15
3063,2020-07-06,28,30718,1336.32285,2020-07-06,0.0269,826,SE,501,28
3090,2020-07-07,28,31640,1376.43255,2020-07-07,0.0269,851,SE,922,25
3117,2020-07-08,28,32490,1413.41004,2020-07-08,0.0269,875,SE,850,24
3144,2020-07-09,28,33416,1453.69375,2020-07-09,0.027000000000000003,901,SE,926,26
3171,2020-07-10,28,34713,1510.11704,2020-07-10,0.0268,931,SE,1297,30
3198,2020-07-11,28,36046,1568.10644,2020-07-11,0.0265,954,SE,1333,23
3225,2020-07-12,29,37631,1637.0585800000001,2020-07-12,0.0261,984,SE,1585,30
3252,2020-07-13,29,38221,1662.7253,2020-07-13,0.0265,1012,SE,590,28
3278,2020-07-14,29,39167,1703.87907,2020-07-14,0.0264,1033,SE,946,21
3305,2020-07-15,29,40139,1746.1639100000002,2020-07-15,0.0263,1054,SE,972,21
3332,2020-07-16,29,41226,1793.45159,2020-07-16,0.026000000000000002,1071,SE,1087,17
3359,2020-07-17,29,41888,1822.25053,2020-07-17,0.026000000000000002,1088,SE,662,17
3384,2020-07-18,29,43072,1873.7579899999998,2020-07-18,0.0258,1111,SE,1184,23
3410,2020-07-19,30,45243,1968.20284,2020-07-19,0.0249,1125,SE,2171,14
3437,2020-07-20,30,46059,2003.7012300000001,2020-07-20,0.0251,1156,SE,816,31
3461,2020-07-21,30,47110,2049.4228,2020-07-21,0.0251,1182,SE,1051,26
